183 -125
184 -125
185 -125
186 -125
187 -125
188 -125
189 -125
190 -125
191 -125
192 -125
193 -125
194 -125
195 -125
196 -125
197 -125
198 -125
199 -125
200 -125
201 -125
202 -126
203 -126
204 -126
205 -126
206 -126
207 -127
208 -127
209 -127
210 -127
211 -128
212 -128
213 -128
214 -129
215 -129
216 -130
217 -130
218 -130
218 -131
219 -131
220 -131
220 -132
221 -132
221 -133
222 -133
223 -133
223 -134
224 -134
224 -135
225 -135
226 -135
226 -136
227 -136
227 -137
228 -137
228 -138
229 -138
229 -139
230 -139
230 -140
231 -140
231 -141
231 -142
232 -142
232 -143
233 -143
233 -144
234 -144
234 -145
234 -146
235 -146
235 -147
235 -148
236 -148
236 -149
237 -149
237 -150
237 -151
238 -152
238 -153
239 -154
239 -155
239 -156
240 -157
240 -158
240 -159
241 -160
241 -161
241 -162
241 -163
242 -164
242 -165
242 -166
242 -167
242 -168
243 -169
243 -170
243 -171
243 -172
243 -173
243 -174
243 -175
243 -176
243 -177
243 -178
243 -179
243 -180
243 -181
243 -182
243 -183
243 -184
243 -185
243 -186
243 -187
243 -188
243 -189
243 -190
243 -191
243 -192
243 -193
243 -194
243 -195
243 -196
243 -197
243 -198
243 -199
243 -200
243 -201
243 -202
243 -203
243 -204
243 -205
243 -206
243 -207
243 -208
243 -209
243 -210
243 -211
243 -212
243 -213
243 -214
243 -215
243 -216
243 -217
243 -218
243 -219
243 -220
243 -221
243 -222
243 -223
242 -223
241 -223
240 -223
239 -223
238 -223
237 -223
236 -223
235 -223
234 -223
233 -223
232 -223
231 -223
230 -223
229 -223
229 -222
228 -221
228 -220
228 -219
228 -218
228 -217
228 -216
228 -215
228 -214
228 -213
228 -212
228 -211
228 -210
228 -209
228 -208
228 -207
228 -206
228 -205
228 -204
228 -203
228 -202
228 -201
228 -200
228 -199
228 -198
228 -197
228 -196
228 -195
228 -194
228 -193
228 -192
228 -191
228 -190
228 -189
228 -188
228 -187
228 -186
228 -185
228 -184
228 -183
228 -182
228 -181
228 -180
228 -179
228 -178
228 -177
228 -176
228 -175
228 -174
228 -173
228 -172
228 -171
227 -170
227 -169
227 -168
227 -167
226 -166
226 -165
226 -164
225 -163
225 -162
225 -161
224 -160
224 -159
223 -158
223 -157
223 -156
222 -156
222 -155
221 -155
221 -154
221 -153
220 -153
220 -152
219 -152
219 -151
218 -151
218 -150
217 -150
217 -149
216 -149
216 -148
215 -148
215 -147
214 -147
214 -146
213 -146
213 -145
212 -145
211 -145
211 -144
210 -144
209 -143
208 -143
207 -143
206 -142
205 -142
204 -142
203 -141
202 -141
201 -141
200 -140
199 -140
198 -140
197 -140
196 -140
195 -140
194 -140
193 -140
192 -140
191 -140
190 -140
189 -140
188 -140
187 -140
186 -140
185 -140
184 -141
183 -141
182 -141
181 -141
180 -142
179 -142
178 -142
177 -143
176 -143
175 -144
174 -144
173 -144
173 -145
172 -145
172 -146
171 -146
170 -146
170 -147
169 -147
169 -148
168 -148
168 -149
167 -149
167 -150
166 -150
166 -151
165 -151
165 -152
164 -152
164 -153
164 -154
163 -154
163 -155
163 -156
162 -156
162 -157
161 -157
161 -158
161 -159
160 -160
160 -161
159 -162
159 -163
159 -164
158 -165
158 -166
158 -167
158 -168
157 -169
157 -170
157 -171
157 -172
157 -173
157 -174
157 -175
157 -176
157 -177
157 -178
157 -179
156 -180
156 -181
156 -182
156 -183
156 -184
156 -185
156 -186
156 -187
156 -188
156 -189
156 -190
156 -191
156 -192
156 -193
156 -194
156 -195
156 -196
156 -197
156 -198
156 -199
156 -200
156 -201
156 -202
156 -203
156 -204
156 -205
156 -206
156 -207
156 -208
156 -209
156 -210
156 -211
156 -212
156 -213
156 -214
156 -215
157 -216
156 -217
156 -218
156 -219
156 -220
156 -221
156 -222
156 -223
155 -223
154 -223
153 -223
152 -223
151 -223
150 -223
149 -223
148 -223
147 -223
146 -223
145 -223
144 -223
143 -223
142 -223
142 -222
142 -221
142 -220
142 -219
141 -218
141 -217
141 -216
141 -215
142 -214
142 -213
142 -212
142 -211
142 -210
142 -209
142 -208
142 -207
142 -206
142 -205
142 -204
142 -203
142 -202
142 -201
142 -200
142 -199
142 -198
142 -197
142 -196
142 -195
142 -194
142 -193
142 -192
142 -191
142 -190
142 -189
142 -188
142 -187
142 -186
142 -185
142 -184
142 -183
142 -182
142 -181
142 -180
142 -179
141 -178
142 -177
142 -176
142 -175
142 -174
142 -173
142 -172
142 -171
142 -170
142 -169
142 -168
142 -167
142 -166
143 -165
143 -164
143 -163
143 -162
144 -161
144 -160
144 -159
144 -158
145 -157
145 -156
146 -155
146 -154
146 -153
147 -152
147 -151
148 -150
148 -149
148 -148
149 -148
149 -147
150 -147
150 -146
150 -145
151 -145
151 -144
152 -144
152 -143
152 -142
153 -142
153 -141
154 -141
154 -140
155 -140
155 -139
156 -139
156 -138
157 -138
157 -137
158 -137
158 -136
159 -136
159 -135
160 -135
160 -134
161 -134
162 -134
162 -133
163 -133
163 -132
164 -132
165 -132
165 -131
166 -131
167 -131
167 -130
168 -130
169 -129
170 -129
171 -128
172 -128
173 -128
174 -127
175 -127
176 -127
177 -127
178 -126
179 -126
180 -126
181 -126
182 -126
