8.4 -22.2
8.5 -22.2
8.6 -22.2
8.7 -22.2
8.8 -22.2
8.9 -22.2
9 -22.2
9.1 -22.3
9.2 -22.3
9.3 -22.3
9.4 -22.3
9.5 -22.3
9.6 -22.3
9.7 -22.3
9.8 -22.3
9.9 -22.3
10 -22.4
10.1 -22.4
10.2 -22.4
10.3 -22.4
10.4 -22.4
10.5 -22.5
10.6 -22.5
10.7 -22.5
10.8 -22.5
10.9 -22.5
11 -22.6
11.1 -22.6
11.2 -22.6
11.3 -22.6
11.4 -22.7
11.5 -22.7
11.6 -22.7
11.7 -22.7
11.8 -22.8
11.9 -22.8
12 -22.8
12.1 -22.8
12.2 -22.9
12.3 -22.9
12.4 -22.9
12.5 -23
12.6 -23
12.7 -23
12.8 -23
12.9 -23.1
13 -23.1
13.1 -23.1
13.2 -23.2
13.3 -23.2
13.4 -23.2
13.5 -23.2
13.6 -23.3
13.7 -23.3
13.8 -23.3
13.9 -23.4
14 -23.4
14.1 -23.4
14.2 -23.4
14.2 -23.5
14.3 -23.5
14.3 -23.6
14.3 -23.7
14.3 -23.8
14.3 -23.9
14.3 -24
14.3 -24.1
14.3 -24.2
14.3 -24.3
14.3 -24.4
14.3 -24.5
14.2 -24.5
14.1 -24.5
14 -24.5
13.9 -24.5
13.8 -24.5
13.7 -24.5
13.6 -24.5
13.5 -24.5
13.4 -24.5
13.3 -24.5
13.2 -24.5
13.1 -24.5
13 -24.5
12.9 -24.5
12.8 -24.5
12.7 -24.5
12.6 -24.5
12.5 -24.5
12.4 -24.5
12.3 -24.5
12.2 -24.5
12.1 -24.5
12 -24.5
11.9 -24.5
11.8 -24.5
11.7 -24.5
11.6 -24.5
11.5 -24.5
11.4 -24.5
11.3 -24.5
11.2 -24.5
11.1 -24.5
11 -24.5
10.9 -24.5
10.8 -24.5
10.7 -24.5
10.6 -24.5
10.5 -24.5
10.4 -24.5
10.3 -24.5
10.2 -24.5
10.1 -24.5
10 -24.5
9.9 -24.5
9.8 -24.5
9.7 -24.5
9.6 -24.5
9.5 -24.5
9.4 -24.5
9.3 -24.5
9.2 -24.5
9.1 -24.5
9 -24.5
8.9 -24.5
8.8 -24.5
8.7 -24.5
8.6 -24.5
8.5 -24.5
8.4 -24.5
8.3 -24.5
8.2 -24.5
8.1 -24.5
8 -24.5
7.9 -24.5
7.8 -24.5
7.7 -24.5
7.6 -24.5
7.5 -24.5
7.4 -24.5
7.3 -24.5
7.2 -24.5
7.1 -24.5
7 -24.5
6.9 -24.5
6.8 -24.5
6.7 -24.5
6.6 -24.5
6.5 -24.5
6.4 -24.5
6.3 -24.5
6.2 -24.5
6.1 -24.5
6 -24.5
5.9 -24.5
5.8 -24.5
5.7 -24.5
5.6 -24.5
5.5 -24.5
5.4 -24.5
5.3 -24.5
5.2 -24.5
5.1 -24.5
5 -24.5
4.9 -24.5
4.8 -24.5
4.7 -24.5
4.6 -24.5
4.5 -24.5
4.4 -24.5
4.3 -24.5
4.2 -24.5
4.1 -24.5
4 -24.5
3.9 -24.5
3.8 -24.5
3.7 -24.5
3.6 -24.5
3.5 -24.5
3.4 -24.5
3.3 -24.5
3.2 -24.5
3.1 -24.5
3 -24.5
3 -24.3
3.1 -24.3
3.2 -24.3
3.3 -24.3
3.3 -24.2
3.4 -24.2
3.5 -24.2
3.6 -24.1
3.7 -24.1
3.7 -24
3.8 -24
3.9 -24
4 -23.9
4.1 -23.9
4.2 -23.9
4.2 -23.8
4.3 -23.8
4.4 -23.8
4.5 -23.7
4.6 -23.7
4.6 -23.6
4.7 -23.6
4.8 -23.6
4.9 -23.5
5 -23.5
5.1 -23.4
5.2 -23.4
5.3 -23.3
5.4 -23.3
5.5 -23.2
5.6 -23.2
5.7 -23.2
5.7 -23.1
5.8 -23.1
5.9 -23.1
5.9 -23
6 -23
6.1 -22.9
6.2 -22.9
6.3 -22.9
6.3 -22.8
6.4 -22.8
6.5 -22.8
6.5 -22.7
6.6 -22.7
6.7 -22.6
6.8 -22.6
6.9 -22.6
7 -22.5
7.1 -22.5
7.2 -22.5
7.3 -22.4
7.4 -22.4
7.5 -22.4
7.6 -22.3
7.7 -22.3
7.8 -22.3
7.9 -22.3
8 -22.3
8.1 -22.3
8.2 -22.3
8.3 -22.3
