94 54
94 55
94 56
94 57
94 58
94 59
94 60
94 61
94 62
94 63
94 64
94 65
94 66
94 67
94 68
94 69
94 70
94 71
94 72
95 54
95 72
96 54
96 72
96 73
97 54
97 73
98 53
98 73
98 74
99 53
99 74
99 75
100 53
100 75
101 53
101 75
101 76
102 53
102 76
103 53
103 76
103 77
104 53
104 77
105 53
105 77
105 78
106 52
106 78
106 79
107 52
107 79
108 52
108 79
108 80
109 52
109 80
110 52
110 80
110 81
111 51
111 81
112 51
112 81
112 82
113 51
113 82
114 50
114 82
115 50
115 83
116 50
116 83
117 49
117 84
118 49
118 84
119 49
119 84
120 48
120 85
121 48
121 85
122 48
122 86
123 47
123 86
124 47
124 86
125 46
125 86
126 46
126 87
127 46
127 87
128 45
128 87
129 45
129 87
130 44
130 87
131 44
131 87
132 43
132 87
133 43
133 87
134 42
134 87
135 42
135 87
136 42
136 87
137 41
137 86
138 41
138 86
139 40
139 86
140 40
140 86
141 39
141 85
142 39
142 85
143 39
143 85
144 38
144 85
145 38
145 84
146 38
146 84
147 38
147 84
148 39
148 84
149 39
149 83
150 39
150 83
151 40
151 83
152 40
152 82
153 40
153 82
154 41
154 81
155 41
155 81
156 41
156 80
156 81
157 41
157 80
158 42
158 79
158 80
159 42
159 79
160 42
160 78
160 79
161 43
161 78
162 43
162 77
162 78
163 43
163 77
164 43
164 76
164 77
165 44
165 76
166 44
166 75
166 76
167 44
167 75
168 44
168 74
168 75
169 45
169 73
169 74
170 45
170 73
171 45
171 72
171 73
172 45
172 72
173 46
173 71
174 46
174 70
174 71
175 46
175 70
176 46
176 69
176 70
177 46
177 68
177 69
178 46
178 68
179 46
179 67
179 68
180 46
180 66
180 67
181 46
181 65
181 66
182 46
182 65
183 46
183 64
183 65
184 46
184 63
184 64
185 46
185 62
185 63
186 46
186 62
187 46
187 61
187 62
188 46
188 60
188 61
189 46
189 59
189 60
190 46
190 58
190 59
191 46
191 57
191 58
192 46
192 56
192 57
193 46
193 55
193 56
194 46
194 54
194 55
195 46
195 52
195 53
195 54
196 45
196 51
196 52
197 45
197 50
197 51
198 45
198 48
198 49
198 50
199 45
199 47
199 48
200 45
200 46
200 47
