35.700000 -13.600000
35.800000 -13.600000
35.900000 -13.600000
36.000000 -13.600000
36.100000 -13.600000
36.200000 -13.600000
36.300000 -13.600000
36.400000 -13.600000
36.500000 -13.600000
36.600000 -13.600000
36.700000 -13.600000
36.800000 -13.600000
36.900000 -13.600000
37.000000 -13.600000
37.100000 -13.600000
37.200000 -13.600000
37.300000 -13.600000
37.400000 -13.600000
37.500000 -13.600000
37.600000 -13.600000
37.700000 -13.600000
37.800000 -13.600000
37.900000 -13.600000
38.000000 -13.600000
38.100000 -13.600000
38.200000 -13.600000
38.300000 -13.600000
38.400000 -13.700000
38.500000 -13.700000
38.600000 -13.700000
38.700000 -13.700000
38.800000 -13.700000
38.900000 -13.700000
39.000000 -13.700000
39.100000 -13.700000
39.200000 -13.700000
39.300000 -13.800000
39.400000 -13.800000
39.500000 -13.800000
39.600000 -13.800000
39.700000 -13.900000
39.800000 -13.900000
39.900000 -13.900000
40.000000 -14.000000
40.100000 -14.000000
40.200000 -14.000000
40.300000 -14.100000
40.400000 -14.100000
40.400000 -14.200000
40.500000 -14.200000
40.600000 -14.200000
40.600000 -14.300000
40.700000 -14.300000
40.800000 -14.300000
40.800000 -14.400000
40.900000 -14.400000
40.900000 -14.500000
41.000000 -14.500000
41.100000 -14.500000
41.100000 -14.600000
41.200000 -14.600000
41.200000 -14.700000
41.300000 -14.700000
41.300000 -14.800000
41.400000 -14.800000
41.400000 -14.900000
41.500000 -14.900000
41.500000 -15.000000
41.500000 -15.100000
41.600000 -15.100000
41.600000 -15.200000
41.700000 -15.200000
41.700000 -15.300000
41.700000 -15.400000
41.800000 -15.400000
41.800000 -15.500000
41.800000 -15.600000
41.900000 -15.600000
41.900000 -15.700000
42.000000 -15.800000
42.000000 -15.900000
42.000000 -16.000000
42.100000 -16.100000
42.100000 -16.200000
42.100000 -16.300000
42.100000 -16.400000
42.100000 -16.500000
42.200000 -16.600000
42.200000 -16.700000
42.200000 -16.800000
42.200000 -16.900000
42.200000 -17.000000
42.200000 -17.100000
42.200000 -17.200000
42.200000 -17.300000
42.200000 -17.400000
42.200000 -17.500000
42.200000 -17.600000
42.200000 -17.700000
42.200000 -17.800000
42.200000 -17.900000
42.100000 -18.000000
42.100000 -18.100000
42.100000 -18.200000
42.100000 -18.300000
42.100000 -18.400000
42.000000 -18.500000
42.000000 -18.600000
42.000000 -18.700000
41.900000 -18.800000
41.900000 -18.900000
41.900000 -19.000000
41.800000 -19.000000
41.800000 -19.100000
41.800000 -19.200000
41.700000 -19.200000
41.700000 -19.300000
41.700000 -19.400000
41.600000 -19.400000
41.600000 -19.500000
41.500000 -19.500000
41.500000 -19.600000
41.400000 -19.600000
41.400000 -19.700000
41.300000 -19.700000
41.300000 -19.800000
41.200000 -19.800000
41.200000 -19.900000
41.100000 -19.900000
41.100000 -20.000000
41.000000 -20.000000
41.000000 -20.100000
40.900000 -20.100000
40.900000 -20.200000
40.800000 -20.200000
40.700000 -20.200000
40.700000 -20.300000
40.600000 -20.300000
40.600000 -20.400000
40.500000 -20.400000
40.400000 -20.400000
40.400000 -20.500000
40.300000 -20.500000
40.200000 -20.500000
40.100000 -20.600000
40.000000 -20.600000
39.900000 -20.600000
39.800000 -20.700000
39.700000 -20.700000
39.600000 -20.700000
39.500000 -20.800000
39.400000 -20.800000
39.300000 -20.800000
39.200000 -20.800000
39.100000 -20.800000
39.000000 -20.900000
38.900000 -20.900000
38.800000 -20.900000
38.700000 -20.900000
38.600000 -20.900000
38.500000 -20.900000
38.400000 -20.900000
38.300000 -20.900000
38.200000 -20.900000
38.100000 -20.900000
38.000000 -20.900000
37.900000 -20.900000
37.800000 -20.900000
37.700000 -20.900000
37.600000 -20.900000
37.500000 -20.900000
37.400000 -20.900000
37.300000 -20.900000
37.200000 -20.900000
37.100000 -20.900000
37.000000 -20.900000
36.900000 -20.900000
36.800000 -20.900000
36.700000 -20.900000
36.600000 -20.900000
36.500000 -20.900000
36.400000 -20.900000
36.300000 -20.900000
36.200000 -20.900000
36.100000 -20.900000
36.000000 -20.900000
35.900000 -20.900000
35.800000 -20.900000
35.700000 -20.900000
35.600000 -20.900000
35.500000 -20.900000
35.500000 -20.800000
35.500000 -20.700000
35.500000 -20.600000
35.500000 -20.500000
35.500000 -20.400000
35.500000 -20.300000
35.500000 -20.200000
35.500000 -20.100000
35.500000 -20.000000
35.500000 -19.900000
35.500000 -19.800000
35.500000 -19.700000
35.500000 -19.600000
35.500000 -19.500000
35.500000 -19.400000
35.500000 -19.300000
35.500000 -19.200000
35.500000 -19.100000
35.500000 -19.000000
35.500000 -18.900000
35.500000 -18.800000
35.500000 -18.700000
35.500000 -18.600000
35.500000 -18.500000
35.500000 -18.400000
35.500000 -18.300000
35.500000 -18.200000
35.500000 -18.100000
35.500000 -18.000000
35.500000 -17.900000
35.500000 -17.800000
35.500000 -17.700000
35.500000 -17.600000
35.500000 -17.500000
35.500000 -17.400000
35.500000 -17.300000
35.500000 -17.200000
35.500000 -17.100000
35.500000 -17.000000
35.500000 -16.900000
35.500000 -16.800000
35.500000 -16.700000
35.500000 -16.600000
35.500000 -16.500000
35.500000 -16.400000
35.500000 -16.300000
35.500000 -16.200000
35.500000 -16.100000
35.500000 -16.000000
35.500000 -15.900000
35.500000 -15.800000
35.500000 -15.700000
35.500000 -15.600000
35.500000 -15.500000
35.500000 -15.400000
35.500000 -15.300000
35.500000 -15.200000
35.500000 -15.100000
35.500000 -15.000000
35.500000 -14.900000
35.500000 -14.800000
35.500000 -14.700000
35.500000 -14.600000
35.500000 -14.500000
35.500000 -14.400000
35.500000 -14.300000
35.500000 -14.200000
35.500000 -14.100000
35.500000 -14.000000
35.500000 -13.900000
35.500000 -13.800000
35.500000 -13.700000
35.600000 -13.700000
