46.200000 -12.200000
46.300000 -12.200000
46.400000 -12.200000
46.500000 -12.200000
46.600000 -12.200000
46.700000 -12.200000
46.800000 -12.200000
46.900000 -12.200000
47.000000 -12.200000
47.100000 -12.200000
47.200000 -12.200000
47.300000 -12.200000
47.400000 -12.200000
47.500000 -12.200000
47.600000 -12.200000
47.700000 -12.200000
47.800000 -12.200000
47.900000 -12.200000
48.000000 -12.200000
48.100000 -12.200000
48.200000 -12.200000
48.300000 -12.200000
48.400000 -12.200000
48.500000 -12.200000
48.600000 -12.200000
48.700000 -12.200000
48.800000 -12.200000
48.900000 -12.200000
49.000000 -12.200000
49.100000 -12.200000
49.200000 -12.200000
49.300000 -12.200000
49.400000 -12.200000
49.500000 -12.200000
49.600000 -12.200000
49.700000 -12.200000
49.800000 -12.200000
49.900000 -12.200000
50.000000 -12.200000
50.100000 -12.200000
50.200000 -12.200000
50.300000 -12.200000
50.300000 -12.300000
50.300000 -12.400000
50.300000 -12.500000
50.300000 -12.600000
50.300000 -12.700000
50.300000 -12.800000
50.300000 -12.900000
50.300000 -13.000000
50.300000 -13.100000
50.300000 -13.200000
50.300000 -13.300000
50.300000 -13.400000
50.300000 -13.500000
50.300000 -13.600000
50.300000 -13.700000
50.200000 -13.700000
50.100000 -13.700000
50.000000 -13.700000
49.900000 -13.700000
49.800000 -13.700000
49.700000 -13.700000
49.600000 -13.700000
49.500000 -13.700000
49.400000 -13.700000
49.300000 -13.700000
49.200000 -13.700000
49.100000 -13.700000
49.000000 -13.700000
48.900000 -13.700000
48.800000 -13.700000
48.700000 -13.700000
48.600000 -13.700000
48.500000 -13.700000
48.400000 -13.700000
48.300000 -13.700000
48.200000 -13.700000
48.100000 -13.700000
48.000000 -13.700000
47.900000 -13.700000
47.800000 -13.700000
47.700000 -13.700000
47.600000 -13.700000
47.500000 -13.700000
47.400000 -13.700000
47.300000 -13.700000
47.200000 -13.700000
47.100000 -13.700000
47.000000 -13.700000
46.900000 -13.700000
46.800000 -13.700000
46.700000 -13.700000
46.600000 -13.700000
46.500000 -13.700000
46.400000 -13.800000
46.300000 -13.800000
46.200000 -13.800000
46.100000 -13.800000
46.100000 -13.900000
46.000000 -13.900000
46.000000 -14.000000
45.900000 -14.000000
45.800000 -14.000000
45.800000 -14.100000
45.700000 -14.100000
45.700000 -14.200000
45.700000 -14.300000
45.600000 -14.300000
45.600000 -14.400000
45.500000 -14.500000
45.500000 -14.600000
45.500000 -14.700000
45.500000 -14.800000
45.500000 -14.900000
45.500000 -15.000000
45.500000 -15.100000
45.500000 -15.200000
45.500000 -15.300000
45.500000 -15.400000
45.500000 -15.500000
45.500000 -15.600000
45.600000 -15.700000
45.600000 -15.800000
45.700000 -15.800000
45.700000 -15.900000
45.700000 -16.000000
45.800000 -16.000000
45.800000 -16.100000
45.900000 -16.100000
46.000000 -16.100000
46.000000 -16.200000
46.100000 -16.200000
46.200000 -16.200000
46.300000 -16.300000
46.400000 -16.300000
46.500000 -16.300000
46.600000 -16.300000
46.700000 -16.300000
46.800000 -16.300000
46.900000 -16.300000
47.000000 -16.300000
47.100000 -16.300000
47.200000 -16.300000
47.300000 -16.300000
47.400000 -16.300000
47.500000 -16.300000
47.600000 -16.200000
47.700000 -16.200000
47.800000 -16.200000
47.900000 -16.200000
48.000000 -16.200000
48.100000 -16.200000
48.200000 -16.200000
48.300000 -16.200000
48.400000 -16.200000
48.500000 -16.200000
48.600000 -16.200000
48.700000 -16.300000
48.800000 -16.300000
48.900000 -16.300000
49.000000 -16.300000
49.100000 -16.300000
49.200000 -16.300000
49.300000 -16.400000
49.400000 -16.400000
49.500000 -16.400000
49.600000 -16.400000
49.700000 -16.500000
49.800000 -16.500000
49.900000 -16.500000
50.000000 -16.600000
50.100000 -16.600000
50.100000 -16.700000
50.200000 -16.700000
50.300000 -16.700000
50.300000 -16.800000
50.400000 -16.800000
50.500000 -16.800000
50.500000 -16.900000
50.600000 -16.900000
50.600000 -17.000000
50.700000 -17.000000
50.800000 -17.000000
50.800000 -17.100000
50.900000 -17.100000
50.900000 -17.200000
51.000000 -17.200000
51.000000 -17.300000
51.000000 -17.400000
51.100000 -17.400000
51.100000 -17.500000
51.200000 -17.500000
51.200000 -17.600000
51.300000 -17.600000
51.300000 -17.700000
51.300000 -17.800000
51.400000 -17.800000
51.400000 -17.900000
51.400000 -18.000000
51.500000 -18.100000
51.500000 -18.200000
51.500000 -18.300000
51.600000 -18.400000
51.600000 -18.500000
51.600000 -18.600000
51.600000 -18.700000
51.600000 -18.800000
51.600000 -18.900000
51.600000 -19.000000
51.600000 -19.100000
51.600000 -19.200000
51.700000 -19.300000
51.700000 -19.400000
51.600000 -19.500000
51.600000 -19.600000
51.600000 -19.700000
51.600000 -19.800000
51.600000 -19.900000
51.600000 -20.000000
51.600000 -20.100000
51.500000 -20.200000
51.500000 -20.300000
51.500000 -20.400000
51.400000 -20.500000
51.400000 -20.600000
51.400000 -20.700000
51.300000 -20.700000
51.300000 -20.800000
51.300000 -20.900000
51.200000 -20.900000
51.200000 -21.000000
51.100000 -21.000000
51.100000 -21.100000
51.100000 -21.200000
51.000000 -21.200000
51.000000 -21.300000
50.900000 -21.300000
50.900000 -21.400000
50.800000 -21.400000
50.800000 -21.500000
50.700000 -21.500000
50.700000 -21.600000
50.600000 -21.600000
50.500000 -21.600000
50.500000 -21.700000
50.400000 -21.700000
50.400000 -21.800000
50.300000 -21.800000
50.200000 -21.800000
50.200000 -21.900000
50.100000 -21.900000
50.000000 -22.000000
49.900000 -22.000000
49.800000 -22.100000
49.700000 -22.100000
49.600000 -22.100000
49.500000 -22.200000
49.400000 -22.200000
49.300000 -22.200000
49.200000 -22.300000
49.100000 -22.300000
49.000000 -22.300000
48.900000 -22.300000
48.800000 -22.300000
48.700000 -22.400000
48.600000 -22.400000
48.500000 -22.400000
48.400000 -22.400000
48.300000 -22.400000
48.200000 -22.400000
48.100000 -22.400000
48.000000 -22.400000
47.900000 -22.400000
47.800000 -22.400000
47.700000 -22.400000
47.600000 -22.400000
47.500000 -22.400000
47.400000 -22.400000
47.300000 -22.400000
47.200000 -22.400000
47.100000 -22.500000
47.000000 -22.400000
46.900000 -22.400000
46.800000 -22.400000
46.700000 -22.400000
46.600000 -22.400000
46.500000 -22.400000
46.400000 -22.400000
46.300000 -22.400000
46.200000 -22.400000
46.100000 -22.400000
46.000000 -22.400000
45.900000 -22.400000
45.800000 -22.400000
45.700000 -22.400000
45.600000 -22.400000
45.500000 -22.400000
45.400000 -22.400000
45.300000 -22.400000
45.200000 -22.400000
45.100000 -22.400000
45.000000 -22.400000
44.900000 -22.400000
44.800000 -22.400000
44.700000 -22.400000
44.600000 -22.400000
44.500000 -22.400000
44.400000 -22.400000
44.300000 -22.300000
44.200000 -22.200000
44.200000 -22.100000
44.200000 -22.000000
44.200000 -21.900000
44.200000 -21.800000
44.200000 -21.700000
44.200000 -21.600000
44.200000 -21.500000
44.200000 -21.400000
44.200000 -21.300000
44.200000 -21.200000
44.200000 -21.100000
44.200000 -21.000000
44.300000 -20.900000
44.400000 -20.800000
44.500000 -20.800000
44.600000 -20.800000
44.700000 -20.800000
44.800000 -20.800000
44.900000 -20.800000
45.000000 -20.800000
45.100000 -20.800000
45.200000 -20.900000
45.300000 -20.800000
45.400000 -20.900000
45.500000 -20.800000
45.600000 -20.900000
45.700000 -20.900000
45.800000 -20.900000
45.900000 -20.900000
46.000000 -20.900000
46.100000 -20.900000
46.200000 -20.900000
46.300000 -20.900000
46.400000 -20.900000
46.500000 -20.900000
46.600000 -20.900000
46.700000 -20.900000
46.800000 -20.900000
46.900000 -20.900000
47.000000 -20.900000
47.100000 -20.900000
47.200000 -20.900000
47.300000 -20.900000
47.400000 -20.900000
47.500000 -20.900000
47.600000 -20.900000
47.700000 -20.900000
47.800000 -20.900000
47.900000 -20.900000
48.000000 -20.900000
48.100000 -20.900000
48.200000 -20.900000
48.300000 -20.900000
48.400000 -20.900000
48.500000 -20.900000
48.600000 -20.900000
48.700000 -20.800000
48.800000 -20.800000
48.900000 -20.800000
49.000000 -20.800000
49.100000 -20.700000
49.200000 -20.700000
49.300000 -20.600000
49.400000 -20.600000
49.500000 -20.600000
49.500000 -20.500000
49.600000 -20.500000
49.600000 -20.400000
49.700000 -20.400000
49.700000 -20.300000
49.800000 -20.300000
49.800000 -20.200000
49.900000 -20.200000
49.900000 -20.100000
50.000000 -20.100000
50.000000 -20.000000
50.000000 -19.900000
50.100000 -19.800000
50.100000 -19.700000
50.100000 -19.600000
50.100000 -19.500000
50.100000 -19.400000
50.100000 -19.300000
50.100000 -19.200000
50.100000 -19.100000
50.100000 -19.000000
50.100000 -18.900000
50.100000 -18.800000
50.100000 -18.700000
50.000000 -18.600000
50.000000 -18.500000
49.900000 -18.500000
49.900000 -18.400000
49.900000 -18.300000
49.800000 -18.300000
49.800000 -18.200000
49.700000 -18.200000
49.600000 -18.200000
49.600000 -18.100000
49.500000 -18.100000
49.500000 -18.000000
49.400000 -18.000000
49.300000 -18.000000
49.200000 -17.900000
49.100000 -17.900000
49.000000 -17.900000
48.900000 -17.800000
48.800000 -17.800000
48.700000 -17.800000
48.600000 -17.800000
48.500000 -17.800000
48.400000 -17.800000
48.300000 -17.800000
48.200000 -17.800000
48.100000 -17.700000
48.000000 -17.700000
47.900000 -17.700000
47.800000 -17.800000
47.700000 -17.800000
47.600000 -17.800000
47.500000 -17.800000
47.400000 -17.800000
47.300000 -17.800000
47.200000 -17.800000
47.100000 -17.800000
47.000000 -17.800000
46.900000 -17.800000
46.800000 -17.800000
46.700000 -17.800000
46.600000 -17.800000
46.500000 -17.800000
46.400000 -17.800000
46.300000 -17.800000
46.200000 -17.800000
46.100000 -17.800000
46.000000 -17.700000
45.900000 -17.700000
45.800000 -17.700000
45.700000 -17.700000
45.600000 -17.600000
45.500000 -17.600000
45.400000 -17.500000
45.300000 -17.500000
45.200000 -17.500000
45.200000 -17.400000
45.100000 -17.400000
45.000000 -17.400000
45.000000 -17.300000
44.900000 -17.300000
44.900000 -17.200000
44.800000 -17.200000
44.800000 -17.100000
44.700000 -17.100000
44.700000 -17.000000
44.600000 -17.000000
44.600000 -16.900000
44.500000 -16.900000
44.500000 -16.800000
44.400000 -16.800000
44.400000 -16.700000
44.400000 -16.600000
44.300000 -16.600000
44.300000 -16.500000
44.200000 -16.400000
44.200000 -16.300000
44.200000 -16.200000
44.100000 -16.100000
44.100000 -16.000000
44.100000 -15.900000
44.000000 -15.800000
44.000000 -15.700000
44.000000 -15.600000
44.000000 -15.500000
44.000000 -15.400000
44.000000 -15.300000
44.000000 -15.200000
44.000000 -15.100000
44.000000 -15.000000
44.000000 -14.900000
44.000000 -14.800000
44.000000 -14.700000
44.000000 -14.600000
44.000000 -14.500000
44.000000 -14.400000
44.000000 -14.300000
44.100000 -14.200000
44.100000 -14.100000
44.100000 -14.000000
44.200000 -13.900000
44.200000 -13.800000
44.300000 -13.700000
44.300000 -13.600000
44.300000 -13.500000
44.400000 -13.500000
44.400000 -13.400000
44.500000 -13.400000
44.500000 -13.300000
44.500000 -13.200000
44.600000 -13.200000
44.600000 -13.100000
44.700000 -13.100000
44.700000 -13.000000
44.800000 -13.000000
44.800000 -12.900000
44.900000 -12.900000
44.900000 -12.800000
45.000000 -12.800000
45.000000 -12.700000
45.100000 -12.700000
45.200000 -12.700000
45.200000 -12.600000
45.300000 -12.600000
45.300000 -12.500000
45.400000 -12.500000
45.500000 -12.500000
45.600000 -12.400000
45.700000 -12.400000
45.800000 -12.300000
45.900000 -12.300000
46.000000 -12.300000
46.100000 -12.300000
