11.7 -4.85
11.75 -4.85
11.8 -4.85
11.85 -4.85
11.9 -4.85
11.95 -4.85
12 -4.85
12.05 -4.85
12.1 -4.85
12.15 -4.85
12.2 -4.85
12.25 -4.85
12.3 -4.9
12.35 -4.9
12.4 -4.9
12.45 -4.9
12.5 -4.9
12.55 -4.9
12.6 -4.9
12.65 -4.9
12.7 -4.9
12.75 -4.9
12.8 -4.9
12.85 -4.9
12.85 -4.95
12.85 -5
12.85 -5.05
12.85 -5.1
12.85 -5.15
12.85 -5.2
12.85 -5.25
12.85 -5.3
12.85 -5.35
12.85 -5.4
12.85 -5.45
12.85 -5.5
12.85 -5.55
12.85 -5.6
12.85 -5.65
12.85 -5.7
12.85 -5.75
12.85 -5.8
12.85 -5.85
12.85 -5.9
12.85 -5.95
12.85 -6
12.85 -6.05
12.85 -6.1
12.85 -6.15
12.85 -6.2
12.85 -6.25
12.85 -6.3
12.85 -6.35
12.85 -6.4
12.85 -6.45
12.85 -6.5
12.85 -6.55
12.85 -6.6
12.85 -6.65
12.85 -6.7
12.85 -6.75
12.85 -6.8
12.85 -6.85
12.85 -6.9
12.85 -6.95
12.85 -7
12.85 -7.05
12.85 -7.1
12.85 -7.15
12.85 -7.2
12.85 -7.25
12.85 -7.3
12.85 -7.35
12.85 -7.4
12.85 -7.45
12.85 -7.5
12.85 -7.55
12.85 -7.6
12.85 -7.65
12.85 -7.7
12.85 -7.75
12.85 -7.8
12.85 -7.85
12.85 -7.9
12.85 -7.95
12.85 -8
12.85 -8.05
12.85 -8.1
12.85 -8.15
12.85 -8.2
12.85 -8.25
12.85 -8.3
12.85 -8.35
12.85 -8.4
12.85 -8.45
12.85 -8.5
12.85 -8.55
12.8 -8.55
12.8 -8.6
12.75 -8.6
12.75 -8.65
12.7 -8.65
12.7 -8.7
12.65 -8.7
12.65 -8.75
12.6 -8.75
12.6 -8.8
12.55 -8.8
12.55 -8.85
12.5 -8.85
12.45 -8.85
12.45 -8.9
12.4 -8.9
12.4 -8.95
12.35 -8.95
12.35 -9
12.3 -9
12.3 -9.05
12.25 -9.05
12.25 -9.1
12.2 -9.1
12.15 -9.1
12.15 -9.15
12.1 -9.15
12.1 -9.2
12.05 -9.2
12.05 -9.25
12 -9.25
12 -9.3
11.95 -9.3
11.95 -9.35
11.9 -9.35
11.85 -9.35
11.85 -9.4
11.8 -9.4
11.8 -9.45
11.75 -9.45
11.75 -9.5
11.7 -9.5
11.7 -9.55
11.65 -9.55
11.6 -9.55
11.6 -9.6
11.55 -9.6
11.55 -9.65
11.5 -9.65
11.45 -9.65
11.45 -9.7
11.4 -9.7
11.4 -9.75
11.35 -9.75
11.35 -9.8
11.3 -9.8
11.25 -9.8
11.25 -9.85
11.2 -9.85
11.2 -9.9
11.15 -9.9
11.1 -9.9
11.1 -9.95
11.05 -9.95
11 -9.95
11 -10
10.95 -10
10.9 -10
10.9 -10.05
10.85 -10.05
10.85 -10.1
10.8 -10.1
10.75 -10.1
10.75 -10.15
10.7 -10.15
10.65 -10.2
10.6 -10.2
10.55 -10.2
10.55 -10.25
10.5 -10.25
10.45 -10.3
10.4 -10.3
10.4 -10.35
10.35 -10.35
10.3 -10.35
10.25 -10.35
10.2 -10.4
10.15 -10.4
10.1 -10.45
10.05 -10.45
10 -10.45
9.95 -10.45
9.9 -10.45
9.85 -10.45
9.8 -10.45
9.75 -10.4
9.7 -10.4
9.65 -10.4
9.6 -10.4
9.55 -10.35
9.5 -10.35
9.45 -10.35
9.4 -10.35
9.35 -10.35
9.3 -10.3
9.25 -10.3
9.2 -10.3
9.15 -10.3
9.1 -10.3
9.05 -10.3
9 -10.25
8.95 -10.25
8.9 -10.25
8.85 -10.25
8.8 -10.25
8.75 -10.25
8.7 -10.25
8.65 -10.25
8.6 -10.2
8.55 -10.2
8.5 -10.2
8.45 -10.2
8.4 -10.2
8.35 -10.2
8.3 -10.2
8.25 -10.2
8.2 -10.15
8.15 -10.15
8.1 -10.15
8.05 -10.15
8 -10.15
7.95 -10.15
7.9 -10.15
7.85 -10.15
7.8 -10.15
7.75 -10.15
7.7 -10.15
7.65 -10.15
7.6 -10.15
7.55 -10.15
7.5 -10.15
7.45 -10.1
7.4 -10.1
7.35 -10.1
7.3 -10.1
7.25 -10.1
7.2 -10.15
7.15 -10.15
7.1 -10.1
7.05 -10.1
7 -10.1
6.95 -10.1
6.9 -10.15
6.85 -10.1
6.8 -10.1
6.75 -10.1
6.7 -10.1
6.65 -10.1
6.6 -10.05
6.55 -10
6.55 -9.95
6.6 -9.95
6.6 -9.9
6.65 -9.9
6.7 -9.9
6.7 -9.85
6.75 -9.8
6.8 -9.8
6.8 -9.75
6.85 -9.7
6.85 -9.65
6.9 -9.65
6.9 -9.6
6.95 -9.6
6.95 -9.55
7 -9.55
7 -9.5
7.05 -9.5
7.05 -9.45
7.1 -9.45
7.1 -9.4
7.15 -9.4
7.15 -9.35
7.2 -9.35
7.2 -9.3
7.25 -9.3
7.25 -9.25
7.25 -9.2
7.3 -9.2
7.3 -9.15
7.35 -9.15
7.35 -9.1
7.4 -9.1
7.4 -9.05
7.45 -9.05
7.45 -9
7.45 -8.95
7.5 -8.95
7.5 -8.9
7.55 -8.9
7.55 -8.85
7.55 -8.8
7.6 -8.8
7.6 -8.75
7.65 -8.75
7.65 -8.7
7.65 -8.65
7.7 -8.65
7.7 -8.6
7.75 -8.6
7.75 -8.55
7.75 -8.5
7.8 -8.5
7.8 -8.45
7.8 -8.4
7.85 -8.35
7.85 -8.3
7.9 -8.3
7.9 -8.25
7.95 -8.2
7.95 -8.15
8 -8.15
8 -8.1
8 -8.05
8.05 -8.05
8.05 -8
8.05 -7.95
8.1 -7.95
8.1 -7.9
8.1 -7.85
8.15 -7.85
8.15 -7.8
8.15 -7.75
8.2 -7.75
8.2 -7.7
8.25 -7.7
8.25 -7.65
8.25 -7.6
8.3 -7.6
8.3 -7.55
8.3 -7.5
8.35 -7.5
8.35 -7.45
8.35 -7.4
8.4 -7.4
8.4 -7.35
8.45 -7.3
8.45 -7.25
8.45 -7.2
8.5 -7.2
8.5 -7.15
8.55 -7.15
8.55 -7.1
8.55 -7.05
8.6 -7.05
8.6 -7
8.6 -6.95
8.65 -6.95
8.65 -6.9
8.65 -6.85
8.7 -6.85
8.7 -6.8
8.7 -6.75
8.75 -6.75
8.75 -6.7
8.75 -6.65
8.8 -6.65
8.8 -6.6
8.85 -6.6
8.85 -6.55
8.85 -6.5
8.9 -6.5
8.9 -6.45
8.9 -6.4
8.95 -6.4
8.95 -6.35
8.95 -6.3
9 -6.3
9 -6.25
9.05 -6.2
9.05 -6.15
9.1 -6.15
9.1 -6.1
9.1 -6.05
9.15 -6.05
9.15 -6
9.15 -5.95
9.2 -5.95
9.2 -5.9
9.25 -5.85
9.25 -5.8
9.3 -5.8
9.3 -5.75
9.3 -5.7
9.35 -5.7
9.35 -5.65
9.35 -5.6
9.4 -5.6
9.4 -5.55
9.45 -5.55
9.45 -5.5
9.45 -5.45
9.5 -5.45
9.5 -5.4
9.55 -5.4
9.55 -5.35
9.55 -5.3
9.6 -5.3
9.6 -5.25
9.6 -5.2
9.65 -5.2
9.65 -5.15
9.7 -5.15
9.75 -5.15
9.8 -5.15
9.8 -5.1
9.85 -5.1
9.9 -5.1
9.95 -5.1
10 -5.1
10.05 -5.05
10.1 -5.05
10.15 -5.05
10.2 -5.05
10.25 -5.05
10.3 -5
10.35 -5
10.4 -5
10.45 -5
10.5 -5
10.55 -4.95
10.6 -4.95
10.65 -4.95
10.7 -4.95
10.75 -4.95
10.8 -4.95
10.85 -4.9
10.9 -4.9
10.95 -4.9
11 -4.9
11.05 -4.9
11.1 -4.9
11.15 -4.9
11.2 -4.9
11.25 -4.9
11.3 -4.9
11.35 -4.9
11.4 -4.9
11.45 -4.9
11.5 -4.9
11.55 -4.9
11.6 -4.9
11.65 -4.9
