0.05 -0.1
0.1 -0.1
0.15 -0.1
0.2 -0.1
0.25 -0.1
0.3 -0.1
0.35 -0.1
0.4 -0.1
0.45 -0.1
0.5 -0.1
0.55 -0.1
0.6 -0.1
0.65 -0.1
0.7 -0.1
0.75 -0.1
0.8 -0.1
0.85 -0.1
0.9 -0.1
0.95 -0.1
1 -0.1
1.05 -0.1
1.1 -0.1
1.15 -0.1
1.2 -0.1
1.25 -0.1
1.3 -0.1
1.35 -0.1
1.4 -0.1
1.45 -0.1
1.5 -0.1
1.55 -0.1
1.6 -0.1
1.65 -0.1
1.7 -0.1
1.75 -0.1
1.75 -0.15
1.75 -0.2
1.8 -0.2
1.8 -0.25
1.8 -0.3
1.8 -0.35
1.8 -0.4
1.8 -0.45
1.85 -0.5
1.85 -0.55
1.85 -0.6
1.9 -0.65
1.9 -0.7
1.9 -0.75
1.9 -0.8
1.9 -0.85
1.95 -0.9
1.95 -0.95
1.95 -1
1.95 -1.05
2 -1.1
2 -1.15
2 -1.2
2 -1.25
2 -1.3
2.05 -1.35
2.05 -1.4
2.05 -1.45
2.1 -1.5
2.1 -1.55
2.1 -1.6
2.1 -1.65
2.15 -1.7
2.15 -1.75
2.15 -1.8
2.15 -1.85
2.2 -1.85
2.2 -1.9
2.2 -1.95
2.2 -2
2.2 -2.05
2.25 -2.1
2.25 -2.15
2.25 -2.2
2.25 -2.25
2.3 -2.3
2.3 -2.35
2.3 -2.4
2.3 -2.45
2.35 -2.5
2.35 -2.55
2.35 -2.6
2.4 -2.65
2.4 -2.7
2.4 -2.75
2.4 -2.8
2.4 -2.85
2.45 -2.9
2.45 -2.95
2.45 -3
2.45 -3.05
2.5 -3.05
2.5 -3.1
2.5 -3.15
2.5 -3.2
2.55 -3.25
2.55 -3.3
2.55 -3.35
2.55 -3.4
2.6 -3.45
2.6 -3.5
2.6 -3.55
2.6 -3.6
2.65 -3.65
2.65 -3.7
2.65 -3.75
2.65 -3.8
2.7 -3.8
2.7 -3.85
2.7 -3.9
2.7 -3.95
2.75 -4
2.75 -4.05
2.75 -4.1
2.8 -4.1
2.8 -4.15
2.8 -4.2
2.8 -4.25
2.8 -4.3
2.85 -4.35
2.85 -4.4
2.85 -4.45
2.9 -4.45
2.9 -4.5
2.9 -4.55
2.9 -4.6
2.95 -4.65
2.95 -4.7
2.95 -4.75
3 -4.8
3 -4.85
3 -4.9
3 -4.95
3.05 -5
3.05 -5.05
3.05 -5.1
3.1 -5.1
3.1 -5.15
3.1 -5.2
3.1 -5.25
3.1 -5.3
3.15 -5.35
3.15 -5.4
3.15 -5.45
3.2 -5.45
3.2 -5.5
3.2 -5.55
3.2 -5.6
3.25 -5.65
3.25 -5.7
3.25 -5.75
3.3 -5.75
3.3 -5.8
3.3 -5.85
3.3 -5.9
3.35 -5.95
3.35 -6
3.35 -6.05
3.4 -6.05
3.4 -6.1
3.4 -6.15
3.45 -6.2
3.45 -6.25
3.45 -6.3
3.5 -6.3
3.5 -6.35
3.5 -6.4
3.5 -6.45
3.55 -6.5
3.55 -6.55
3.55 -6.6
3.6 -6.6
3.6 -6.65
3.6 -6.7
3.65 -6.75
3.65 -6.8
3.65 -6.85
3.7 -6.85
3.7 -6.9
3.7 -6.95
3.75 -7
3.75 -7.05
3.75 -7.1
3.8 -7.1
3.8 -7.15
3.8 -7.2
3.85 -7.25
3.85 -7.3
3.85 -7.35
3.9 -7.4
3.9 -7.45
3.9 -7.5
3.9 -7.55
3.95 -7.6
3.95 -7.65
3.95 -7.7
4 -7.75
4 -7.8
4 -7.85
4 -7.9
4 -7.95
4 -8
4.05 -8.05
4.05 -8.1
4.05 -8.15
4.05 -8.2
4.05 -8.25
4.05 -8.3
4.05 -8.35
4.05 -8.4
4.05 -8.45
4.1 -8.5
4.1 -8.55
4.1 -8.6
4.1 -8.65
4.1 -8.7
4.1 -8.75
4.1 -8.8
4.1 -8.85
4.1 -8.9
4.1 -8.95
4.1 -9
4.1 -9.05
4.1 -9.1
4.1 -9.15
4.1 -9.2
4.1 -9.25
4.1 -9.3
4.05 -9.35
4.05 -9.4
4.05 -9.45
4.05 -9.5
4.05 -9.55
4.05 -9.6
4.05 -9.65
4.05 -9.7
4.05 -9.75
4 -9.8
4 -9.85
4 -9.9
4 -9.95
4 -10
4 -10.05
4 -10.1
3.95 -10.15
3.95 -10.2
3.95 -10.25
3.95 -10.3
3.9 -10.35
3.9 -10.4
3.9 -10.45
3.9 -10.5
3.85 -10.55
3.85 -10.6
3.85 -10.65
3.85 -10.7
3.8 -10.75
3.8 -10.8
3.8 -10.85
3.8 -10.9
3.75 -10.95
3.75 -11
3.7 -11.05
3.7 -11.1
3.7 -11.15
3.7 -11.2
3.65 -11.2
3.65 -11.25
3.6 -11.3
3.6 -11.35
3.6 -11.4
3.55 -11.4
3.55 -11.45
3.5 -11.45
3.45 -11.5
3.4 -11.5
3.35 -11.5
3.35 -11.55
3.3 -11.55
3.25 -11.55
3.2 -11.6
3.15 -11.6
3.1 -11.6
3.1 -11.65
3.05 -11.65
3 -11.65
2.95 -11.7
2.9 -11.7
2.85 -11.7
2.85 -11.75
2.8 -11.75
2.75 -11.75
2.7 -11.8
2.65 -11.8
2.6 -11.8
2.6 -11.85
2.55 -11.85
2.5 -11.85
2.45 -11.9
2.4 -11.9
2.4 -11.95
2.35 -11.95
2.3 -11.95
2.25 -11.95
2.2 -11.9
2.15 -11.95
2.1 -11.95
2.1 -11.9
2.1 -11.85
2.1 -11.8
2.1 -11.75
2.1 -11.7
2.1 -11.65
2.1 -11.6
2.1 -11.55
2.1 -11.5
2.1 -11.45
2.1 -11.4
2.1 -11.35
2.05 -11.3
2.05 -11.25
2.05 -11.2
2.05 -11.15
2.05 -11.1
2.05 -11.05
2.05 -11
2 -10.95
2 -10.9
2 -10.85
1.95 -10.85
1.95 -10.8
1.95 -10.75
1.95 -10.7
1.95 -10.65
1.9 -10.6
1.9 -10.55
1.9 -10.5
1.85 -10.5
1.85 -10.45
1.85 -10.4
1.8 -10.35
1.8 -10.3
1.8 -10.25
1.75 -10.25
1.75 -10.2
1.75 -10.15
1.7 -10.1
1.7 -10.05
1.65 -10.05
1.65 -10
1.65 -9.95
1.6 -9.9
1.6 -9.85
1.55 -9.85
1.55 -9.8
1.55 -9.75
1.5 -9.7
1.5 -9.65
1.45 -9.65
1.45 -9.6
1.4 -9.6
1.4 -9.55
1.4 -9.5
1.35 -9.5
1.35 -9.45
1.3 -9.45
1.3 -9.4
1.3 -9.35
1.25 -9.35
1.25 -9.3
1.2 -9.3
1.2 -9.25
1.2 -9.2
1.15 -9.2
1.15 -9.15
1.1 -9.15
1.1 -9.1
1.1 -9.05
1.05 -9.05
1.05 -9
1 -9
1 -8.95
0.95 -8.95
0.95 -8.9
0.9 -8.9
0.9 -8.85
0.85 -8.85
0.85 -8.8
0.85 -8.75
0.8 -8.75
0.8 -8.7
0.75 -8.7
0.75 -8.65
0.7 -8.65
0.7 -8.6
0.65 -8.6
0.65 -8.55
0.6 -8.55
0.6 -8.5
0.55 -8.5
0.55 -8.45
0.5 -8.45
0.5 -8.4
0.45 -8.4
0.45 -8.35
0.4 -8.35
0.4 -8.3
0.4 -8.25
0.35 -8.25
0.35 -8.2
0.3 -8.2
0.25 -8.2
0.25 -8.15
0.2 -8.15
0.2 -8.1
0.15 -8.1
0.15 -8.05
0.1 -8.05
0.1 -8
0.05 -8
0.05 -7.95
0.05 -7.9
0.05 -7.85
0.05 -7.8
0.05 -7.75
0.05 -7.7
0.05 -7.65
0.05 -7.6
0.05 -7.55
0.05 -7.5
0.05 -7.45
0.05 -7.4
0.05 -7.35
0.05 -7.3
0.05 -7.25
0.05 -7.2
0.05 -7.15
0.05 -7.1
0.05 -7.05
0.05 -7
0.05 -6.95
0.05 -6.9
0.05 -6.85
0.05 -6.8
0.05 -6.75
0.05 -6.7
0.05 -6.65
0.05 -6.6
0.05 -6.55
0.05 -6.5
0.05 -6.45
0.05 -6.4
0.05 -6.35
0.05 -6.3
0.05 -6.25
0.05 -6.2
0.05 -6.15
0.05 -6.1
0.05 -6.05
0.05 -6
0.05 -5.95
0.05 -5.9
0.05 -5.85
0.05 -5.8
0.05 -5.75
0.05 -5.7
0.05 -5.65
0.05 -5.6
0.05 -5.55
0.05 -5.5
0.05 -5.45
0.05 -5.4
0.05 -5.35
0.05 -5.3
0.05 -5.25
0.05 -5.2
0.05 -5.15
0.05 -5.1
0.05 -5.05
0.05 -5
0.05 -4.95
0.05 -4.9
0.05 -4.85
0.05 -4.8
0.05 -4.75
0.05 -4.7
0.05 -4.65
0.05 -4.6
0.05 -4.55
0.05 -4.5
0.05 -4.45
0.05 -4.4
0.05 -4.35
0.05 -4.3
0.05 -4.25
0.05 -4.2
0.05 -4.15
0.05 -4.1
0.05 -4.05
0.05 -4
0.05 -3.95
0.05 -3.9
0.05 -3.85
0.05 -3.8
0.05 -3.75
0.05 -3.7
0.05 -3.65
0.05 -3.6
0.05 -3.55
0.05 -3.5
0.05 -3.45
0.05 -3.4
0.05 -3.35
0.05 -3.3
0.05 -3.25
0.05 -3.2
0.05 -3.15
0.05 -3.1
0.05 -3.05
0.05 -3
0.05 -2.95
0.05 -2.9
0.05 -2.85
0.05 -2.8
0.05 -2.75
0.05 -2.7
0.05 -2.65
0.05 -2.6
0.05 -2.55
0.05 -2.5
0.05 -2.45
0.05 -2.4
0.05 -2.35
0.05 -2.3
0.05 -2.25
0.05 -2.2
0.05 -2.15
0.05 -2.1
0.05 -2.05
0.05 -2
0.05 -1.95
0.05 -1.9
0.05 -1.85
0.05 -1.8
0.05 -1.75
0.05 -1.7
0.05 -1.65
0.05 -1.6
0.05 -1.55
0.05 -1.5
0.05 -1.45
0.05 -1.4
0.05 -1.35
0.05 -1.3
0.05 -1.25
0.05 -1.2
0.05 -1.15
0.05 -1.1
0.05 -1.05
0.05 -1
0.05 -0.95
0.05 -0.9
0.05 -0.85
0.05 -0.8
0.05 -0.75
0.05 -0.7
0.05 -0.65
0.05 -0.6
0.05 -0.55
0.05 -0.5
0.05 -0.45
0.05 -0.4
0.05 -0.35
0.05 -0.3
0.05 -0.25
0.05 -0.2
0.05 -0.15
2.2 -12
