341 -143
374 -144
373 -157
372 -158
343 -159
339 -160
336 -161
334 -162
332 -163
330 -164
329 -165
327 -166
326 -167
325 -168
324 -169
323 -170
322 -171
321 -172
320 -173
319 -174
318 -175
317 -177
316 -179
315 -182
314 -187
315 -203
316 -208
317 -210
318 -212
319 -214
320 -216
321 -217
322 -218
323 -219
324 -220
325 -221
326 -222
327 -223
328 -224
329 -225
330 -226
332 -227
334 -228
337 -229
340 -230
343 -231
349 -232
377 -233
378 -234
377 -246
376 -247
346 -246
340 -245
336 -244
332 -243
329 -242
327 -241
325 -240
323 -239
321 -238
320 -237
318 -236
317 -235
315 -234
314 -233
313 -232
312 -231
311 -230
310 -229
309 -228
308 -227
307 -226
306 -225
305 -223
304 -221
303 -219
302 -217
301 -214
300 -211
299 -206
298 -196
299 -192
300 -182
301 -177
302 -174
303 -172
304 -169
305 -168
306 -166
307 -164
308 -163
309 -161
310 -160
311 -159
312 -158
313 -157
314 -156
315 -155
316 -154
317 -153
318 -152
320 -151
321 -150
323 -149
325 -148
327 -147
330 -146
333 -145
337 -144
