0 -94
1 -94
2 -94
3 -94
4 -94
5 -94
6 -94
7 -94
8 -94
9 -94
10 -94
11 -94
12 -94
13 -94
14 -94
15 -94
16 -94
17 -94
17 -95
17 -96
18 -97
18 -98
18 -99
18 -100
18 -101
19 -102
19 -103
19 -104
19 -105
20 -106
20 -107
20 -108
20 -109
21 -110
21 -111
21 -112
21 -113
22 -114
22 -115
22 -116
22 -117
23 -118
23 -119
23 -120
23 -121
24 -122
24 -123
24 -124
25 -125
25 -126
25 -127
25 -128
26 -129
26 -130
26 -131
26 -132
27 -133
27 -134
27 -135
28 -136
28 -137
28 -138
28 -139
29 -140
29 -141
29 -142
30 -143
30 -144
30 -145
31 -146
31 -147
31 -148
32 -149
32 -150
32 -151
33 -152
33 -153
33 -154
34 -155
34 -156
34 -157
35 -158
35 -159
36 -160
36 -161
36 -162
37 -163
37 -164
38 -165
38 -166
38 -167
38 -168
39 -169
39 -170
39 -171
39 -172
40 -173
40 -174
40 -175
40 -176
40 -177
40 -178
40 -179
40 -180
40 -181
40 -182
40 -183
40 -184
40 -185
40 -186
40 -187
40 -188
40 -189
40 -190
39 -191
39 -192
39 -193
39 -194
39 -195
39 -196
38 -197
38 -198
38 -199
37 -200
37 -201
37 -202
37 -203
36 -204
36 -205
35 -206
35 -207
34 -207
33 -208
32 -208
31 -209
30 -209
29 -210
28 -210
27 -210
26 -211
25 -211
24 -212
23 -212
22 -212
21 -212
20 -211
20 -210
20 -209
20 -208
20 -207
20 -206
20 -205
20 -204
20 -203
19 -202
19 -201
19 -200
18 -199
18 -198
18 -197
17 -196
17 -195
17 -194
16 -194
16 -193
16 -192
15 -192
15 -191
15 -190
14 -190
14 -189
13 -189
13 -188
13 -187
12 -187
12 -186
11 -186
11 -185
11 -184
10 -184
10 -183
9 -183
9 -182
8 -182
8 -181
8 -180
7 -180
7 -179
6 -179
6 -178
5 -178
5 -177
4 -177
4 -176
3 -176
3 -175
2 -175
2 -174
1 -174
1 -173
0 -173
0 -172
0 -171
0 -170
1 -169
0 -168
0 -167
0 -166
0 -165
0 -164
0 -163
0 -162
0 -161
0 -160
0 -159
0 -158
0 -157
0 -156
0 -155
0 -154
0 -153
0 -152
0 -151
0 -150
0 -149
0 -148
0 -147
0 -146
0 -145
0 -144
0 -143
0 -142
0 -141
0 -140
0 -139
0 -138
0 -137
0 -136
0 -135
0 -134
0 -133
0 -132
0 -131
0 -130
0 -129
0 -128
0 -127
0 -126
0 -125
0 -124
0 -123
0 -122
0 -121
0 -120
0 -119
0 -118
0 -117
0 -116
0 -115
0 -114
0 -113
0 -112
0 -111
0 -110
0 -109
0 -108
0 -107
0 -106
0 -105
0 -104
0 -103
0 -102
0 -101
0 -100
0 -99
0 -98
0 -97
0 -96
0 -95
