14.3 -20.6
14.3 -20.7
14.2 -20.7
14.1 -20.7
14.1 -20.8
14 -20.8
14 -20.9
13.9 -20.9
13.8 -20.9
13.8 -21
13.7 -21
13.7 -21.1
13.6 -21.1
13.5 -21.1
13.5 -21.2
13.4 -21.2
13.4 -21.3
13.3 -21.3
13.2 -21.3
13.2 -21.4
13.1 -21.4
13.1 -21.5
13 -21.5
12.9 -21.5
12.9 -21.6
12.8 -21.6
12.7 -21.6
12.7 -21.7
12.6 -21.7
12.6 -21.8
12.5 -21.8
12.4 -21.8
12.4 -21.9
12.3 -21.9
12.2 -21.9
12.2 -22
12.2 -22.1
12.3 -22.1
12.4 -22.1
12.5 -22.2
12.6 -22.2
12.7 -22.2
12.8 -22.3
12.9 -22.3
13 -22.3
13.1 -22.4
13.2 -22.4
13.3 -22.4
13.4 -22.5
13.5 -22.5
13.6 -22.5
13.7 -22.5
13.8 -22.6
13.9 -22.6
14 -22.6
14.1 -22.7
14.2 -22.7
14.2 -22.6
14.3 -22.6
14.3 -22.5
14.3 -22.4
14.3 -22.3
14.3 -22.2
14.3 -22.1
14.3 -22
14.3 -21.9
14.3 -21.8
14.3 -21.7
14.3 -21.6
14.3 -21.5
14.3 -21.4
14.3 -21.3
14.3 -21.2
14.3 -21.1
14.3 -21
14.3 -20.9
14.3 -20.8
14.3 -22.7
