3.6 -11.4
3.7 -11.4
3.8 -11.4
3.9 -11.4
4 -11.4
4.1 -11.4
4.2 -11.4
4.3 -11.4
4.4 -11.4
4.5 -11.4
4.6 -11.4
4.7 -11.4
4.8 -11.4
4.9 -11.4
5 -11.4
5.1 -11.4
5.2 -11.4
5.3 -11.4
5.4 -11.4
5.5 -11.4
5.6 -11.4
5.7 -11.4
5.8 -11.4
5.9 -11.4
6 -11.4
6.1 -11.4
6.2 -11.4
6.2 -11.5
6.3 -11.5
6.3 -11.6
6.3 -11.7
6.3 -11.8
6.3 -11.9
6.3 -12
6.3 -12.1
6.2 -12.2
6.2 -12.3
6.2 -12.4
6.2 -12.5
6.1 -12.6
6.1 -12.7
6.1 -12.8
6 -12.9
6 -13
6 -13.1
5.9 -13.2
5.9 -13.3
5.9 -13.4
5.8 -13.5
5.8 -13.6
5.7 -13.7
5.7 -13.8
5.7 -13.9
5.6 -14
5.6 -14.1
5.5 -14.2
5.5 -14.3
5.5 -14.4
5.4 -14.5
5.4 -14.6
5.3 -14.7
5.3 -14.8
5.3 -14.9
5.2 -15
5.2 -15.1
5.1 -15.2
5.1 -15.3
5 -15.4
5 -15.5
5 -15.6
4.9 -15.6
4.9 -15.7
4.9 -15.8
4.8 -15.8
4.8 -15.9
4.7 -15.9
4.7 -16
4.6 -15.8
4.6 -15.7
4.5 -15.6
4.5 -15.5
4.5 -15.4
4.4 -15.3
4.4 -15.2
4.4 -15.1
4.3 -15
4.3 -14.9
4.3 -14.8
4.2 -14.7
4.2 -14.6
4.2 -14.5
4.2 -14.4
4.1 -14.3
4.1 -14.2
4.1 -14.1
4 -14
4 -13.9
4 -13.8
4 -13.7
3.9 -13.6
3.9 -13.5
3.9 -13.4
3.9 -13.3
3.9 -13.2
3.8 -13.1
3.8 -13
3.8 -12.9
3.8 -12.8
3.8 -12.7
3.7 -12.6
3.7 -12.5
3.7 -12.4
3.7 -12.3
3.7 -12.2
3.6 -12.1
3.6 -12
3.6 -11.9
3.6 -11.8
3.6 -11.7
3.6 -11.6
3.6 -11.5
