228 -145
241 -146
248 -147
252 -148
255 -149
257 -150
259 -151
261 -152
263 -153
264 -154
266 -155
267 -156
268 -157
270 -158
271 -159
272 -160
273 -161
274 -162
275 -163
276 -164
277 -166
278 -167
279 -169
280 -171
281 -173
282 -175
283 -178
284 -182
285 -186
286 -192
285 -245
284 -246
272 -245
271 -244
270 -193
269 -188
268 -184
267 -182
266 -180
265 -178
264 -176
263 -175
262 -173
261 -172
260 -171
259 -170
258 -169
257 -168
256 -167
255 -166
254 -165
252 -164
250 -163
247 -162
244 -161
238 -160
229 -161
223 -162
220 -163
218 -164
216 -165
214 -166
212 -167
211 -168
210 -169
209 -170
208 -171
207 -172
206 -173
205 -174
204 -175
203 -176
202 -178
201 -181
200 -183
199 -186
198 -190
197 -197
196 -244
195 -245
182 -244
183 -192
184 -185
185 -181
186 -178
187 -175
188 -173
189 -171
190 -169
191 -167
192 -166
193 -164
194 -163
195 -162
196 -161
197 -159
198 -158
199 -157
200 -156
201 -155
202 -154
203 -153
205 -152
207 -151
209 -150
211 -149
214 -148
217 -147
221 -146
197 -245
