12.7 -16.2
12.8 -16.2
12.9 -16.2
13 -16.2
13.1 -16.2
13.2 -16.2
13.3 -16.2
13.4 -16.2
13.5 -16.2
13.6 -16.2
13.7 -16.2
13.8 -16.2
13.9 -16.2
14 -16.2
14.1 -16.2
14.2 -16.3
14.3 -16.3
14.3 -16.4
14.3 -16.5
14.3 -16.6
14.3 -16.7
14.3 -16.8
14.3 -16.9
14.3 -17
14.3 -17.1
14.3 -17.2
14.3 -17.3
14.3 -17.4
14.3 -17.5
14.3 -17.6
14.3 -17.7
14.3 -17.8
14.3 -17.9
14.3 -18
14.3 -18.1
14.3 -18.2
14.3 -18.3
14.3 -18.4
14.3 -18.5
14.3 -18.6
14.3 -18.7
14.3 -18.8
14.3 -18.9
14.3 -19
14.3 -19.1
14.3 -19.2
14.3 -19.3
14.3 -19.4
14.3 -19.5
14.3 -19.6
14.3 -19.7
14.3 -19.8
14.3 -19.9
14.3 -20
14.2 -20
14.2 -20.1
14.1 -20.1
14.1 -20.2
14 -20.2
14 -20.3
13.9 -20.3
13.9 -20.4
13.8 -20.4
13.7 -20.4
13.7 -20.5
13.6 -20.5
13.6 -20.6
13.5 -20.6
13.5 -20.7
13.4 -20.7
13.4 -20.8
13.3 -20.8
13.2 -20.8
13.2 -20.9
13.1 -20.9
13.1 -21
13 -21
13 -21.1
12.9 -21.1
12.8 -21.1
12.8 -21.2
12.7 -21.2
12.7 -21.3
12.6 -21.3
12.5 -21.3
12.5 -21.4
12.4 -21.4
12.3 -21.4
12.3 -21.5
12.2 -21.5
12.2 -21.6
12.1 -21.6
12 -21.6
12 -21.7
11.9 -21.7
11.8 -21.7
11.8 -21.8
11.7 -21.8
11.6 -21.8
11.5 -21.9
11.4 -21.9
11.3 -21.9
11.2 -21.8
11.1 -21.8
11 -21.8
10.9 -21.8
10.8 -21.8
10.7 -21.7
10.6 -21.7
10.5 -21.7
10.4 -21.7
10.3 -21.7
10.2 -21.7
10.1 -21.6
10 -21.6
9.9 -21.6
9.8 -21.6
9.7 -21.6
9.6 -21.6
9.5 -21.6
9.4 -21.6
9.3 -21.6
9.2 -21.6
9.1 -21.6
9 -21.6
8.9 -21.5
8.8 -21.5
8.7 -21.5
8.6 -21.5
8.5 -21.5
8.4 -21.5
8.3 -21.5
8.2 -21.5
8.1 -21.5
8 -21.5
8 -21.4
8 -21.3
8.1 -21.3
8.1 -21.2
8.2 -21.2
8.2 -21.1
8.3 -21.1
8.3 -21
8.4 -21
8.4 -20.9
8.5 -20.9
8.5 -20.8
8.6 -20.8
8.6 -20.7
8.7 -20.7
8.7 -20.6
8.8 -20.6
8.8 -20.5
8.8 -20.4
8.9 -20.4
8.9 -20.3
9 -20.3
9 -20.2
9.1 -20.2
9.1 -20.1
9.1 -20
9.2 -20
9.2 -19.9
9.2 -19.8
9.3 -19.8
9.3 -19.7
9.3 -19.6
9.4 -19.6
9.4 -19.5
9.4 -19.4
9.5 -19.4
9.5 -19.3
9.6 -19.3
9.6 -19.2
9.6 -19.1
9.7 -19.1
9.7 -19
9.7 -18.9
9.8 -18.9
9.8 -18.8
9.8 -18.7
9.9 -18.7
9.9 -18.6
9.9 -18.5
10 -18.5
10 -18.4
10.1 -18.4
10.1 -18.3
10.1 -18.2
10.2 -18.2
10.2 -18.1
10.2 -18
10.3 -18
10.3 -17.9
10.3 -17.8
10.4 -17.8
10.4 -17.7
10.4 -17.6
10.5 -17.6
10.5 -17.5
10.6 -17.5
10.6 -17.4
10.6 -17.3
10.7 -17.3
10.7 -17.2
10.7 -17.1
10.8 -17.1
10.8 -17
10.8 -16.9
10.9 -16.9
10.9 -16.8
11 -16.8
11 -16.7
11 -16.6
11.1 -16.6
11.1 -16.5
11.2 -16.5
11.3 -16.5
11.4 -16.5
11.5 -16.4
11.6 -16.4
11.7 -16.4
11.8 -16.4
11.9 -16.4
12 -16.3
12.1 -16.3
12.2 -16.3
12.3 -16.3
12.4 -16.3
12.5 -16.3
12.6 -16.3
