126 -110
127 -110
128 -110
128 -111
128 -112
128 -113
128 -114
128 -115
129 -116
129 -117
129 -118
129 -119
129 -120
128 -121
129 -122
129 -123
129 -124
129 -125
129 -126
129 -127
129 -128
129 -129
129 -130
129 -131
129 -132
129 -133
128 -134
128 -135
128 -136
128 -137
128 -138
127 -138
126 -138
125 -138
124 -138
123 -138
122 -138
121 -138
120 -138
119 -138
118 -138
117 -138
116 -138
115 -138
114 -138
113 -138
112 -138
111 -138
110 -138
109 -138
108 -138
107 -138
106 -138
105 -138
104 -139
103 -139
102 -139
101 -139
100 -139
100 -138
100 -137
101 -137
101 -136
102 -136
102 -135
103 -135
103 -134
103 -133
104 -133
104 -132
105 -132
105 -131
106 -131
106 -130
107 -130
107 -129
108 -129
108 -128
109 -128
109 -127
110 -127
110 -126
111 -126
111 -125
112 -125
112 -124
113 -124
113 -123
114 -123
114 -122
115 -122
115 -121
116 -121
116 -120
117 -120
117 -119
118 -119
118 -118
119 -118
119 -117
120 -117
120 -116
121 -116
121 -115
122 -115
122 -114
123 -114
123 -113
124 -113
124 -112
125 -112
125 -111
126 -111
