34.200000 -6.200000
34.300000 -6.200000
34.400000 -6.200000
34.500000 -6.200000
34.600000 -6.200000
34.700000 -6.200000
34.800000 -6.200000
34.900000 -6.200000
35.000000 -6.200000
35.100000 -6.200000
35.200000 -6.200000
35.300000 -6.200000
35.400000 -6.300000
35.500000 -6.300000
35.500000 -6.400000
35.500000 -6.500000
35.500000 -6.600000
35.500000 -6.700000
35.500000 -6.800000
35.500000 -6.900000
35.500000 -7.000000
35.500000 -7.100000
35.500000 -7.200000
35.500000 -7.300000
35.500000 -7.400000
35.500000 -7.500000
35.500000 -7.600000
35.500000 -7.700000
35.500000 -7.800000
35.500000 -7.900000
35.500000 -8.000000
35.500000 -8.100000
35.500000 -8.200000
35.500000 -8.300000
35.500000 -8.400000
35.500000 -8.500000
35.500000 -8.600000
35.500000 -8.700000
35.500000 -8.800000
35.500000 -8.900000
35.500000 -9.000000
35.500000 -9.100000
35.500000 -9.200000
35.500000 -9.300000
35.500000 -9.400000
35.500000 -9.500000
35.500000 -9.600000
35.500000 -9.700000
35.500000 -9.800000
35.500000 -9.900000
35.500000 -10.000000
35.500000 -10.100000
35.500000 -10.200000
35.500000 -10.300000
35.500000 -10.400000
35.500000 -10.500000
35.500000 -10.600000
35.500000 -10.700000
35.500000 -10.800000
35.500000 -10.900000
35.500000 -11.000000
35.500000 -11.100000
35.500000 -11.200000
35.500000 -11.300000
35.500000 -11.400000
35.500000 -11.500000
35.500000 -11.600000
35.500000 -11.700000
35.500000 -11.800000
35.500000 -11.900000
35.500000 -12.000000
35.500000 -12.100000
35.600000 -12.100000
35.700000 -12.200000
35.800000 -12.200000
35.900000 -12.200000
36.000000 -12.200000
36.100000 -12.200000
36.200000 -12.200000
36.300000 -12.200000
36.400000 -12.200000
36.500000 -12.200000
36.600000 -12.200000
36.700000 -12.200000
36.800000 -12.200000
36.900000 -12.200000
37.000000 -12.200000
37.100000 -12.200000
37.200000 -12.200000
37.300000 -12.200000
37.400000 -12.200000
37.500000 -12.200000
37.600000 -12.200000
37.700000 -12.200000
37.800000 -12.200000
37.900000 -12.200000
38.000000 -12.200000
38.100000 -12.200000
38.200000 -12.200000
38.300000 -12.200000
38.400000 -12.200000
38.500000 -12.200000
38.600000 -12.200000
38.700000 -12.200000
38.800000 -12.200000
38.900000 -12.200000
39.000000 -12.200000
39.100000 -12.200000
39.200000 -12.200000
39.300000 -12.300000
39.400000 -12.300000
39.500000 -12.300000
39.600000 -12.300000
39.700000 -12.300000
39.800000 -12.300000
39.900000 -12.400000
40.000000 -12.400000
40.100000 -12.400000
40.200000 -12.400000
40.300000 -12.500000
40.400000 -12.500000
40.500000 -12.500000
40.600000 -12.600000
40.700000 -12.600000
40.800000 -12.700000
40.900000 -12.700000
41.000000 -12.700000
41.100000 -12.800000
41.200000 -12.800000
41.200000 -12.900000
41.300000 -12.900000
41.400000 -12.900000
41.400000 -13.000000
41.500000 -13.000000
41.600000 -13.000000
41.600000 -13.100000
41.700000 -13.100000
41.700000 -13.200000
41.800000 -13.200000
41.900000 -13.200000
41.900000 -13.300000
42.000000 -13.300000
42.000000 -13.400000
42.100000 -13.400000
42.100000 -13.500000
42.200000 -13.500000
42.300000 -13.500000
42.300000 -13.600000
42.400000 -13.600000
42.400000 -13.700000
42.500000 -13.700000
42.500000 -13.800000
42.500000 -13.900000
42.600000 -13.900000
42.600000 -14.000000
42.700000 -14.000000
42.700000 -14.100000
42.800000 -14.100000
42.800000 -14.200000
42.900000 -14.200000
42.900000 -14.300000
42.900000 -14.400000
43.000000 -14.400000
43.000000 -14.500000
43.000000 -14.600000
43.100000 -14.600000
43.100000 -14.700000
43.100000 -14.800000
43.200000 -14.800000
43.200000 -14.900000
43.300000 -15.000000
43.300000 -15.100000
43.300000 -15.200000
43.400000 -15.300000
43.400000 -15.400000
43.400000 -15.500000
43.500000 -15.600000
43.500000 -15.700000
43.500000 -15.800000
43.500000 -15.900000
43.600000 -16.000000
43.600000 -16.100000
43.600000 -16.200000
43.600000 -16.300000
43.600000 -16.400000
43.600000 -16.500000
43.600000 -16.600000
43.700000 -16.700000
43.700000 -16.800000
43.700000 -16.900000
43.700000 -17.000000
43.700000 -17.100000
43.700000 -17.200000
43.700000 -17.300000
43.700000 -17.400000
43.700000 -17.500000
43.700000 -17.600000
43.700000 -17.700000
43.700000 -17.800000
43.700000 -17.900000
43.600000 -18.000000
43.600000 -18.100000
43.600000 -18.200000
43.600000 -18.300000
43.600000 -18.400000
43.600000 -18.500000
43.600000 -18.600000
43.500000 -18.700000
43.500000 -18.800000
43.500000 -18.900000
43.500000 -19.000000
43.400000 -19.100000
43.400000 -19.200000
43.400000 -19.300000
43.300000 -19.400000
43.300000 -19.500000
43.200000 -19.600000
43.200000 -19.700000
43.200000 -19.800000
43.100000 -19.800000
43.100000 -19.900000
43.100000 -20.000000
43.000000 -20.000000
43.000000 -20.100000
43.000000 -20.200000
42.900000 -20.200000
42.900000 -20.300000
42.800000 -20.300000
42.800000 -20.400000
42.800000 -20.500000
42.700000 -20.500000
42.700000 -20.600000
42.600000 -20.600000
42.600000 -20.700000
42.500000 -20.700000
42.500000 -20.800000
42.400000 -20.800000
42.400000 -20.900000
42.300000 -20.900000
42.300000 -21.000000
42.200000 -21.000000
42.200000 -21.100000
42.100000 -21.100000
42.100000 -21.200000
42.000000 -21.200000
42.000000 -21.300000
41.900000 -21.300000
41.800000 -21.300000
41.800000 -21.400000
41.700000 -21.400000
41.700000 -21.500000
41.600000 -21.500000
41.600000 -21.600000
41.500000 -21.600000
41.400000 -21.600000
41.400000 -21.700000
41.300000 -21.700000
41.200000 -21.700000
41.200000 -21.800000
41.100000 -21.800000
41.000000 -21.800000
40.900000 -21.900000
40.800000 -21.900000
40.700000 -22.000000
40.600000 -22.000000
40.500000 -22.000000
40.400000 -22.100000
40.300000 -22.100000
40.200000 -22.100000
40.100000 -22.200000
40.000000 -22.200000
39.900000 -22.200000
39.800000 -22.200000
39.700000 -22.300000
39.600000 -22.300000
39.500000 -22.300000
39.400000 -22.300000
39.300000 -22.300000
39.200000 -22.300000
39.100000 -22.400000
39.000000 -22.400000
38.900000 -22.400000
38.800000 -22.400000
38.700000 -22.400000
38.600000 -22.400000
38.500000 -22.400000
38.400000 -22.400000
38.300000 -22.400000
38.200000 -22.400000
38.100000 -22.400000
38.000000 -22.400000
37.900000 -22.400000
37.800000 -22.400000
37.700000 -22.400000
37.600000 -22.400000
37.500000 -22.400000
37.400000 -22.400000
37.300000 -22.400000
37.200000 -22.400000
37.100000 -22.400000
37.000000 -22.400000
36.900000 -22.400000
36.800000 -22.400000
36.700000 -22.400000
36.600000 -22.400000
36.500000 -22.400000
36.400000 -22.400000
36.300000 -22.400000
36.200000 -22.400000
36.100000 -22.400000
36.000000 -22.400000
35.900000 -22.400000
35.800000 -22.400000
35.700000 -22.400000
35.600000 -22.400000
35.500000 -22.400000
35.400000 -22.400000
35.300000 -22.400000
35.200000 -22.400000
35.100000 -22.400000
35.000000 -22.400000
34.900000 -22.400000
34.800000 -22.400000
34.700000 -22.400000
34.600000 -22.400000
34.500000 -22.400000
34.400000 -22.400000
34.300000 -22.400000
34.200000 -22.400000
34.100000 -22.400000
34.000000 -22.400000
34.000000 -22.300000
34.000000 -22.200000
34.000000 -22.100000
34.000000 -22.000000
34.000000 -21.900000
34.000000 -21.800000
34.000000 -21.700000
34.000000 -21.600000
34.000000 -21.500000
34.000000 -21.400000
34.000000 -21.300000
34.000000 -21.200000
34.000000 -21.100000
34.000000 -21.000000
34.000000 -20.900000
34.000000 -20.800000
34.000000 -20.700000
34.000000 -20.600000
34.000000 -20.500000
34.000000 -20.400000
34.000000 -20.300000
34.000000 -20.200000
34.000000 -20.100000
34.000000 -20.000000
34.000000 -19.900000
34.000000 -19.800000
34.000000 -19.700000
34.000000 -19.600000
34.000000 -19.500000
34.000000 -19.400000
34.000000 -19.300000
34.000000 -19.200000
34.000000 -19.100000
34.000000 -19.000000
34.000000 -18.900000
34.000000 -18.800000
34.000000 -18.700000
34.000000 -18.600000
34.000000 -18.500000
34.000000 -18.400000
34.000000 -18.300000
34.000000 -18.200000
34.000000 -18.100000
34.000000 -18.000000
34.000000 -17.900000
34.000000 -17.800000
34.000000 -17.700000
34.000000 -17.600000
34.000000 -17.500000
34.000000 -17.400000
34.000000 -17.300000
34.000000 -17.200000
34.000000 -17.100000
34.000000 -17.000000
34.000000 -16.900000
34.000000 -16.800000
34.000000 -16.700000
34.000000 -16.600000
34.000000 -16.500000
34.000000 -16.400000
34.000000 -16.300000
34.000000 -16.200000
34.000000 -16.100000
34.000000 -16.000000
34.000000 -15.900000
34.000000 -15.800000
34.000000 -15.700000
34.000000 -15.600000
34.000000 -15.500000
34.000000 -15.400000
34.000000 -15.300000
34.000000 -15.200000
34.000000 -15.100000
34.000000 -15.000000
34.000000 -14.900000
34.000000 -14.800000
34.000000 -14.700000
34.000000 -14.600000
34.000000 -14.500000
34.000000 -14.400000
34.000000 -14.300000
34.000000 -14.200000
34.000000 -14.100000
34.000000 -14.000000
34.000000 -13.900000
34.000000 -13.800000
34.000000 -13.700000
34.000000 -13.600000
34.000000 -13.500000
34.000000 -13.400000
34.000000 -13.300000
34.000000 -13.200000
34.000000 -13.100000
34.000000 -13.000000
34.000000 -12.900000
34.000000 -12.800000
34.000000 -12.700000
34.000000 -12.600000
34.000000 -12.500000
34.000000 -12.400000
34.000000 -12.300000
34.000000 -12.200000
34.000000 -12.100000
34.000000 -12.000000
34.000000 -11.900000
34.000000 -11.800000
34.000000 -11.700000
34.000000 -11.600000
34.000000 -11.500000
34.000000 -11.400000
34.000000 -11.300000
34.000000 -11.200000
34.000000 -11.100000
34.000000 -11.000000
34.000000 -10.900000
34.000000 -10.800000
34.000000 -10.700000
34.000000 -10.600000
34.000000 -10.500000
34.000000 -10.400000
34.000000 -10.300000
34.000000 -10.200000
34.000000 -10.100000
34.000000 -10.000000
34.000000 -9.900000
34.000000 -9.800000
34.000000 -9.700000
34.000000 -9.600000
34.000000 -9.500000
34.000000 -9.400000
34.000000 -9.300000
34.000000 -9.200000
34.000000 -9.100000
34.000000 -9.000000
34.000000 -8.900000
34.000000 -8.800000
34.000000 -8.700000
34.000000 -8.600000
34.000000 -8.500000
34.000000 -8.400000
34.000000 -8.300000
34.000000 -8.200000
34.000000 -8.100000
34.000000 -8.000000
34.000000 -7.900000
34.000000 -7.800000
34.000000 -7.700000
34.000000 -7.600000
34.000000 -7.500000
34.000000 -7.400000
34.000000 -7.300000
34.000000 -7.200000
34.000000 -7.100000
34.000000 -7.000000
34.000000 -6.900000
34.000000 -6.800000
34.000000 -6.700000
34.000000 -6.600000
34.000000 -6.500000
34.000000 -6.400000
34.000000 -6.300000
34.100000 -6.300000
