0.000000 -17.900000
0.100000 -17.900000
0.100000 -18.000000
0.200000 -18.000000
0.200000 -18.100000
0.300000 -18.100000
0.300000 -18.200000
0.400000 -18.200000
0.400000 -18.300000
0.500000 -18.300000
0.500000 -18.400000
0.600000 -18.400000
0.600000 -18.500000
0.700000 -18.500000
0.700000 -18.600000
0.800000 -18.600000
0.800000 -18.700000
0.800000 -18.800000
0.900000 -18.800000
0.900000 -18.900000
1.000000 -18.900000
1.000000 -19.000000
1.000000 -19.100000
1.100000 -19.100000
1.100000 -19.200000
1.200000 -19.200000
1.200000 -19.300000
1.200000 -19.400000
1.300000 -19.400000
1.300000 -19.500000
1.400000 -19.600000
1.400000 -19.700000
1.400000 -19.800000
1.500000 -19.900000
1.500000 -20.000000
1.600000 -20.100000
1.600000 -20.200000
1.600000 -20.300000
1.600000 -20.400000
1.700000 -20.500000
1.700000 -20.600000
1.700000 -20.700000
1.700000 -20.800000
1.700000 -20.900000
1.700000 -21.000000
1.700000 -21.100000
1.700000 -21.200000
1.700000 -21.300000
1.700000 -21.400000
1.600000 -21.400000
1.500000 -21.400000
1.400000 -21.500000
1.300000 -21.500000
1.200000 -21.500000
1.100000 -21.600000
1.000000 -21.600000
0.900000 -21.700000
0.800000 -21.700000
0.700000 -21.700000
0.600000 -21.800000
0.500000 -21.800000
0.400000 -21.800000
0.300000 -21.900000
0.200000 -21.900000
0.100000 -21.900000
0.000000 -21.900000
0.000000 -21.700000
0.100000 -21.600000
0.000000 -21.500000
0.000000 -21.400000
0.000000 -21.300000
0.000000 -21.200000
0.000000 -21.100000
0.000000 -21.000000
0.000000 -20.900000
0.000000 -20.800000
0.000000 -20.700000
0.000000 -20.600000
0.000000 -20.500000
0.000000 -20.400000
0.000000 -20.300000
0.000000 -20.200000
0.000000 -20.100000
0.000000 -20.000000
0.000000 -19.900000
0.000000 -19.800000
0.000000 -19.700000
0.000000 -19.600000
0.000000 -19.500000
0.000000 -19.400000
0.000000 -19.300000
0.000000 -19.200000
0.100000 -19.100000
0.000000 -19.000000
0.100000 -18.900000
0.100000 -18.800000
0.000000 -18.700000
0.000000 -18.600000
0.100000 -18.500000
0.100000 -18.400000
0.000000 -18.300000
0.000000 -18.200000
0.000000 -18.100000
